interventionDuration,timezone,isReIntervention,interventionType,app,resolution,timestamp,purpose,timeIntervalUntilReIntervention
1.5,Europe/Dublin,False,breathingExercise,reddit,dismissedAppOpening,1749227401.48365,,
1.5,Europe/Dublin,False,breathingExercise,reddit,openedApp,1749227410.3862948,Stay In the Loop,
1.5,Europe/Dublin,False,breathingExercise,tikTok,openedApp,1749227619.2917619,Escape / Avoid,
1.5,Europe/Dublin,False,breathingExercise,instagram,openedApp,1749228327.764975,Bored,600.0
1.5,Europe/Dublin,False,breathingExercise,reddit,openedApp,1749228699.50741,Escape / Avoid,
1.5,Europe/Dublin,False,breathingExercise,reddit,dismissedAppOpening,1749229122.7846699,,
1.5,Europe/Dublin,False,breathingExercise,tikTok,openedApp,1749229301.800492,Bored,
1.5,Europe/Dublin,False,breathingExercise,instagram,openedApp,1749230658.26856,Bored,360.0
1.5,Europe/Dublin,False,breathingExercise,instagram,openedApp,1749231476.34935,Bored,720.0
1.5,Europe/Dublin,False,breathingExercise,instagram,openedApp,1749235057.888201,Escape / Avoid,480.0
1.5,Europe/Dublin,False,breathingExercise,tikTok,openedApp,1749244304.162626,Bored,
1.5,Europe/Dublin,False,breathingExercise,tikTok,dismissedAppOpening,1749245487.551249,,
1.5,Europe/Dublin,False,breathingExercise,instagram,dismissedAppOpening,1749245493.5276508,,
1.5,Europe/Dublin,False,breathingExercise,tikTok,openedApp,1749245500.952311,Bored,
1.5,Europe/Dublin,False,breathingExercise,instagram,dismissedAppOpening,1749246878.947847,,
1.5,Europe/Dublin,False,breathingExercise,reddit,openedApp,1749247019.020557,Bored,
1.5,Europe/Dublin,False,breathingExercise,instagram,openedApp,1749247177.928389,Bored,540.0
1.5,Europe/Dublin,False,breathingExercise,instagram,dismissedAppOpening,1749247258.359527,,
1.5,Europe/Dublin,False,breathingExercise,reddit,openedApp,1749249093.676375,Bored,
1.5,Europe/Dublin,False,breathingExercise,reddit,openedApp,1749249227.463418,Bored,
1.5,Europe/Dublin,False,breathingExercise,reddit,openedApp,1749249931.665262,Bored,
1.5,Europe/Dublin,False,breathingExercise,reddit,dismissedAppOpening,1749328329.519174,,
1.5,Europe/Dublin,False,breathingExercise,instagram,openedApp,1749331045.123435,Bored,60.0
1.5,Europe/Dublin,False,breathingExercise,reddit,openedApp,1749331105.55774,Bored,
1.5,Europe/Dublin,False,breathingExercise,tikTok,openedApp,1749332305.379589,Bored,
1.5,Europe/Dublin,False,breathingExercise,tikTok,dismissedAppOpening,1749333567.246093,,
1.5,Europe/Dublin,False,breathingExercise,tikTok,openedApp,1749333638.886118,Stay In the Loop,
1.5,Europe/Dublin,False,breathingExercise,tikTok,openedApp,1749335261.199349,Bored,
1.5,Europe/Dublin,False,breathingExercise,tikTok,openedApp,1749336252.095535,Bored,
1.5,Europe/Dublin,False,breathingExercise,tikTok,dismissedAppOpening,1749336687.775835,,
1.5,Europe/Dublin,False,breathingExercise,reddit,openedApp,1749336703.8577561,Escape / Avoid,
1.5,Europe/Dublin,False,breathingExercise,tikTok,openedApp,1749336785.209787,Escape / Avoid,
1.5,Europe/Dublin,False,breathingExercise,instagram,openedApp,1749337191.2286701,Bored,60.0
1.5,Europe/Dublin,False,breathingExercise,reddit,dismissedAppOpening,1749337736.612107,,
1.5,Europe/Dublin,False,breathingExercise,reddit,openedApp,1749337744.831074,Bored,
1.5,Europe/Dublin,False,breathingExercise,reddit,dismissedAppOpening,1749337796.608284,,
1.5,Europe/Dublin,False,breathingExercise,reddit,openedApp,1749337810.368454,Post something,
1.5,Europe/Dublin,True,breathingExercise,instagram,openedApp,1749337838.600898,Bored,840.0
1.5,Europe/Dublin,False,breathingExercise,instagram,openedApp,1749338584.6773028,Escape / Avoid,420.0
1.5,Europe/Dublin,True,breathingExercise,instagram,openedApp,1749339037.253018,Escape / Avoid,
1.5,Europe/Dublin,False,breathingExercise,instagram,openedApp,1749339344.422254,Entertainment,
1.5,Europe/Dublin,False,breathingExercise,instagram,dismissedAppOpening,1749339565.618421,,
1.5,Europe/Dublin,False,breathingExercise,instagram,openedApp,1749339713.132615,Entertainment,
1.5,Europe/Dublin,False,breathingExercise,tikTok,openedApp,1749340000.040545,Entertainment,
1.5,Europe/Dublin,False,breathingExercise,tikTok,openedApp,1749340071.429749,Stalk crush,
1.5,Europe/Dublin,False,breathingExercise,instagram,openedApp,1749340557.1736522,Relax,
1.5,Europe/Dublin,False,breathingExercise,instagram,openedApp,1749340977.084156,Post something,540.0
1.5,Europe/Dublin,False,breathingExercise,instagram,openedApp,1749341291.6037521,Bored,
1.5,Europe/Dublin,False,breathingExercise,instagram,openedApp,1749341391.654922,Bored,
1.5,Europe/Dublin,True,breathingExercise,instagram,openedApp,1749341675.9247189,Post something,1860.0
1.5,Europe/Dublin,False,breathingExercise,instagram,openedApp,1749342489.939976,Post something,2700.0
1.5,Europe/Dublin,False,breathingExercise,tikTok,dismissedAppOpening,1749377537.567185,,
1.5,Europe/Dublin,False,breathingExercise,tikTok,dismissedAppOpening,1749377541.374467,,
1.5,Europe/Dublin,False,breathingExercise,tikTok,openedApp,1749377550.192062,Bored,
1.5,Europe/Dublin,False,breathingExercise,reddit,openedApp,1749378311.364625,Bored,
1.5,Europe/Dublin,False,breathingExercise,tikTok,openedApp,1749378449.907641,Escape / Avoid,
1.5,Europe/Dublin,False,breathingExercise,tikTok,dismissedAppOpening,1749378803.6499681,,
1.5,Europe/Dublin,False,breathingExercise,tikTok,dismissedAppOpening,1749379257.804373,,
1.5,Europe/Dublin,False,breathingExercise,reddit,openedApp,1749379268.5570211,Bored,
1.5,Europe/Dublin,False,breathingExercise,tikTok,openedApp,1749379349.50835,Bored,
1.5,Europe/Dublin,False,breathingExercise,tikTok,dismissedAppOpening,1749379749.341294,,
1.5,Europe/Dublin,False,breathingExercise,tikTok,dismissedAppOpening,1749379937.366832,,
1.5,Europe/Dublin,False,breathingExercise,tikTok,openedApp,1749381252.955308,Bored,
1.5,Europe/Dublin,False,breathingExercise,tikTok,openedApp,1749381552.659706,Bored,
1.5,Europe/Dublin,False,breathingExercise,reddit,openedApp,1749382740.2189999,Bored,
1.5,Europe/Dublin,False,breathingExercise,tikTok,openedApp,1749383125.694147,Bored,
1.5,Europe/Dublin,False,breathingExercise,tikTok,openedApp,1749383603.002872,Escape / Avoid,
1.5,Europe/Dublin,False,breathingExercise,tikTok,dismissedAppOpening,1749384089.6815581,,
1.5,Europe/Dublin,False,breathingExercise,tikTok,openedApp,1749384245.7741442,Bored,
1.5,Europe/Dublin,False,breathingExercise,tikTok,dismissedAppOpening,1749384311.5885959,,
1.5,Europe/Dublin,False,breathingExercise,reddit,openedApp,1749384321.782819,Bored,
1.5,Europe/Dublin,False,breathingExercise,tikTok,dismissedAppOpening,1749385099.89976,,
1.5,Europe/Dublin,False,breathingExercise,tikTok,openedApp,1749385456.577396,Bored,
1.5,Europe/Dublin,False,breathingExercise,tikTok,openedApp,1749390684.1236892,Bored,
1.5,Europe/Dublin,False,breathingExercise,tikTok,openedApp,1749391412.991033,Bored,
1.5,Europe/Dublin,False,breathingExercise,reddit,openedApp,1749391831.928319,Bored,
1.5,Europe/Dublin,False,breathingExercise,tikTok,openedApp,1749392637.681531,Bored,
1.5,Europe/Dublin,False,breathingExercise,tikTok,openedApp,1749392836.548139,Bored,
1.5,Europe/Dublin,False,breathingExercise,tikTok,openedApp,1749392934.653205,Bored,
1.5,Europe/Dublin,False,breathingExercise,tikTok,openedApp,1749394026.732635,Bored,
1.5,Europe/Dublin,False,breathingExercise,tikTok,dismissedAppOpening,1749394577.6974468,,
1.5,Europe/Dublin,False,breathingExercise,reddit,openedApp,1749394585.732572,Bored,
1.5,Europe/Dublin,False,breathingExercise,tikTok,openedApp,1749394676.470972,Bored,
1.5,Europe/Dublin,False,breathingExercise,reddit,openedApp,1749396335.421956,Bored,
1.5,Europe/Dublin,False,breathingExercise,tikTok,dismissedAppOpening,1749396454.793998,,
1.5,Europe/Dublin,False,breathingExercise,tikTok,openedApp,1749396464.94034,Bored,
1.5,Europe/Dublin,False,breathingExercise,tikTok,openedApp,1749396903.622185,Bored,
1.5,Europe/Dublin,False,breathingExercise,reddit,openedApp,1749398003.035058,Post something,
1.5,Europe/Dublin,False,breathingExercise,instagram,dismissedAppOpening,1749398519.6577969,,
1.5,Europe/Dublin,False,breathingExercise,instagram,openedApp,1749398648.358835,Bored,
1.5,Europe/Dublin,False,breathingExercise,instagram,dismissedAppOpening,1749398769.601341,,
1.5,Europe/Dublin,False,breathingExercise,instagram,openedApp,1749398806.827189,Escape / Avoid,
1.5,Europe/Dublin,False,breathingExercise,instagram,openedApp,1749398853.51353,Escape / Avoid,
1.5,Europe/Dublin,False,breathingExercise,instagram,dismissedAppOpening,1749399323.679051,,
1.5,Europe/Dublin,False,breathingExercise,instagram,openedApp,1749399467.941938,Post something,
1.5,Europe/Dublin,False,breathingExercise,tikTok,openedApp,1749399689.8300219,Bored,
1.5,Europe/Dublin,False,breathingExercise,instagram,dismissedAppOpening,1749400203.726311,,
1.5,Europe/Dublin,False,breathingExercise,tikTok,dismissedAppOpening,1749400208.5300322,,
1.5,Europe/Dublin,False,breathingExercise,tikTok,openedApp,1749400240.499875,Post something,
1.5,Europe/Dublin,False,breathingExercise,tikTok,openedApp,1749400509.82637,Bored,
1.5,Europe/Dublin,False,breathingExercise,tikTok,openedApp,1749400670.7163858,Bored,
1.5,Europe/Dublin,False,breathingExercise,reddit,openedApp,1749401840.653631,Bored,
1.5,Europe/Dublin,False,breathingExercise,tikTok,openedApp,1749401892.206068,Bored,
1.5,Europe/Dublin,False,breathingExercise,tikTok,openedApp,1749402046.138609,Bored,
1.5,Europe/Dublin,False,breathingExercise,tikTok,openedApp,1749402478.620936,Bored,
1.5,Europe/Dublin,False,breathingExercise,reddit,openedApp,1749402862.616632,Bored,
1.5,Europe/Dublin,False,breathingExercise,tikTok,openedApp,1749403611.2489161,Post something,
1.5,Europe/Dublin,False,breathingExercise,reddit,dismissedAppOpening,1749404884.67689,,
1.5,Europe/Dublin,False,breathingExercise,tikTok,openedApp,1749404967.650198,Bored,
1.5,Europe/Dublin,False,breathingExercise,tikTok,openedApp,1749405879.5771651,Bored,
1.5,Europe/Dublin,False,breathingExercise,tikTok,openedApp,1749406395.737431,Bored,
1.5,Europe/Dublin,False,breathingExercise,tikTok,openedApp,1749406475.039002,Bored,
1.5,Europe/Dublin,False,breathingExercise,tikTok,openedApp,1749408687.333071,Bored,
1.5,Europe/Dublin,False,breathingExercise,reddit,openedApp,1749409067.227416,Bored,
1.5,Europe/Dublin,False,breathingExercise,reddit,dismissedAppOpening,1749409345.404148,,
1.5,Europe/Dublin,False,breathingExercise,tikTok,openedApp,1749412808.043767,Bored,
1.5,Europe/Dublin,False,breathingExercise,tikTok,dismissedAppOpening,1749414487.736985,,
1.5,Europe/Dublin,False,breathingExercise,reddit,openedApp,1749414495.510511,Bored,
1.5,Europe/Dublin,False,breathingExercise,tikTok,openedApp,1749417746.5891361,Bored,
1.5,Europe/Dublin,False,breathingExercise,reddit,openedApp,1749418159.4679909,Bored,
1.5,Europe/Dublin,False,breathingExercise,reddit,dismissedAppOpening,1749418194.430155,,
1.5,Europe/Dublin,False,breathingExercise,reddit,openedApp,1749418205.186975,Bored,
1.5,Europe/Dublin,False,breathingExercise,tikTok,openedApp,1749419264.941214,Post something,
1.5,Europe/Dublin,False,breathingExercise,instagram,dismissedAppOpening,1749420432.6418738,,
1.5,Europe/Dublin,False,breathingExercise,instagram,openedApp,1749420446.892167,Bored,
1.5,Europe/Dublin,False,breathingExercise,tikTok,dismissedAppOpening,1749421545.499985,,
1.5,Europe/Dublin,False,breathingExercise,tikTok,dismissedAppOpening,1749421970.219531,,
1.5,Europe/Dublin,False,breathingExercise,instagram,openedApp,1749422417.370802,Bored,
1.5,Europe/Dublin,False,breathingExercise,reddit,openedApp,1749422533.5104609,Bored,
1.5,Europe/Dublin,False,breathingExercise,tikTok,dismissedAppOpening,1749422546.388173,,
1.5,Europe/Dublin,False,breathingExercise,instagram,openedApp,1749422558.462452,Bored,
1.5,Europe/Dublin,False,breathingExercise,tikTok,openedApp,1749422740.273128,Bored,
1.5,Europe/Dublin,False,breathingExercise,reddit,dismissedAppOpening,1749422816.254833,,
1.5,Europe/Dublin,False,breathingExercise,reddit,openedApp,1749422821.910932,Post something,
1.5,Europe/Dublin,False,breathingExercise,tikTok,openedApp,1749441189.865481,Post something,
1.5,Europe/Dublin,False,breathingExercise,tikTok,dismissedAppOpening,1749452472.667265,,
1.5,Europe/Dublin,False,breathingExercise,tikTok,openedApp,1749459478.8797731,Bored,
1.5,Europe/Dublin,False,breathingExercise,reddit,openedApp,1749459676.8967562,Bored,
1.5,Europe/Dublin,False,breathingExercise,tikTok,openedApp,1749459733.500781,Post something,
1.5,Europe/Dublin,False,breathingExercise,tikTok,openedApp,1749461722.829248,Bored,
1.5,Europe/Dublin,False,breathingExercise,tikTok,openedApp,1749463155.556436,Bored,
1.5,Europe/Dublin,False,breathingExercise,reddit,openedApp,1749465835.666576,Bored,
1.5,Europe/Dublin,False,breathingExercise,tikTok,openedApp,1749472467.379216,Bored,
1.5,Europe/Dublin,False,breathingExercise,reddit,openedApp,1749472791.752421,Bored,
1.5,Europe/Dublin,False,breathingExercise,tikTok,openedApp,1749473034.995813,Bored,
1.5,Europe/Dublin,False,breathingExercise,tikTok,openedApp,1749473408.431967,Bored,
1.5,Europe/Dublin,False,breathingExercise,reddit,openedApp,1749479418.518979,Bored,
1.5,Europe/Dublin,False,breathingExercise,tikTok,openedApp,1749479969.197108,Bored,
1.5,Europe/Dublin,False,breathingExercise,reddit,openedApp,1749480287.921084,Bored,
1.5,Europe/Dublin,False,breathingExercise,instagram,openedApp,1749482968.6332579,Bored,
1.5,Europe/Dublin,False,breathingExercise,reddit,openedApp,1749483076.418594,Bored,
1.5,Europe/Dublin,False,breathingExercise,reddit,openedApp,1749483714.757045,Bored,
1.5,Europe/Dublin,False,breathingExercise,reddit,openedApp,1749484214.2362099,Stay In the Loop,
1.5,Europe/Dublin,False,breathingExercise,instagram,openedApp,1749485229.413929,Bored,60.0
1.5,Europe/Dublin,False,breathingExercise,instagram,openedApp,1749485267.067154,Stay In the Loop,60.0
1.5,Europe/Dublin,True,breathingExercise,instagram,openedApp,1749485343.987472,Stay In the Loop,
1.5,Europe/Dublin,False,breathingExercise,tikTok,openedApp,1749485614.29886,Bored,
1.5,Europe/Dublin,False,breathingExercise,tikTok,dismissedAppOpening,1749485643.552075,,
1.5,Europe/Dublin,False,breathingExercise,reddit,openedApp,1749485658.076363,Bored,
1.5,Europe/Dublin,False,breathingExercise,instagram,dismissedAppOpening,1749485928.870377,,
1.5,Europe/Dublin,False,breathingExercise,instagram,openedApp,1749485939.446958,Bored,2400.0
1.5,Europe/Dublin,False,breathingExercise,tikTok,dismissedAppOpening,1749486113.2124782,,
1.5,Europe/Dublin,False,breathingExercise,tikTok,openedApp,1749486120.809225,Bored,
1.5,Europe/Dublin,False,breathingExercise,reddit,openedApp,1749486194.2445412,Bored,
1.5,Europe/Dublin,False,breathingExercise,tikTok,openedApp,1749486372.559612,Bored,
1.5,Europe/Dublin,False,breathingExercise,tikTok,openedApp,1749487221.0320358,Bored,
1.5,Europe/Dublin,False,breathingExercise,instagram,dismissedAppOpening,1749487565.236491,,
1.5,Europe/Dublin,False,breathingExercise,reddit,dismissedAppOpening,1749487572.861877,,
1.5,Europe/Dublin,False,breathingExercise,reddit,openedApp,1749487581.478715,Bored,
1.5,Europe/Dublin,False,breathingExercise,tikTok,dismissedAppOpening,1749487721.9628248,,
1.5,Europe/Dublin,False,breathingExercise,tikTok,dismissedAppOpening,1749487739.800811,,
1.5,Europe/Dublin,False,breathingExercise,instagram,dismissedAppOpening,1749488038.387625,,
1.5,Europe/Dublin,False,breathingExercise,instagram,openedApp,1749488049.1117349,Escape / Avoid,
1.5,Europe/Dublin,False,breathingExercise,tikTok,openedApp,1749488569.2226272,Bored,
1.5,Europe/Dublin,False,breathingExercise,tikTok,openedApp,1749489859.641059,Bored,
1.5,Europe/Dublin,False,breathingExercise,tikTok,dismissedAppOpening,1749490444.170646,,
1.5,Europe/Dublin,False,breathingExercise,tikTok,dismissedAppOpening,1749490959.208915,,
1.5,Europe/Dublin,False,breathingExercise,reddit,openedApp,1749490968.821509,Bored,
1.5,Europe/Dublin,False,breathingExercise,reddit,dismissedAppOpening,1749491083.295022,,
1.5,Europe/Dublin,False,breathingExercise,tikTok,openedApp,1749492969.961458,Bored,
1.5,Europe/Dublin,False,breathingExercise,instagram,openedApp,1749493277.13136,Bored,1920.0
1.5,Europe/Dublin,False,breathingExercise,tikTok,openedApp,1749493295.747833,Post something,
1.5,Europe/Dublin,False,breathingExercise,tikTok,dismissedAppOpening,1749494166.542807,,
1.5,Europe/Dublin,False,breathingExercise,reddit,openedApp,1749496842.928705,Bored,
1.5,Europe/Dublin,False,breathingExercise,instagram,dismissedAppOpening,1749497257.526023,,
1.5,Europe/Dublin,False,breathingExercise,instagram,openedApp,1749497265.936469,Bored,1620.0
1.5,Europe/Dublin,False,breathingExercise,reddit,openedApp,1749497434.2607698,Bored,
1.5,Europe/Dublin,False,breathingExercise,tikTok,openedApp,1749497769.115097,Bored,
1.5,Europe/Dublin,False,breathingExercise,reddit,dismissedAppOpening,1749498427.0051188,,
1.5,Europe/Dublin,False,breathingExercise,reddit,dismissedAppOpening,1749499146.390431,,
1.5,Europe/Dublin,False,breathingExercise,reddit,dismissedAppOpening,1749499156.5518599,,
1.5,Europe/Dublin,False,breathingExercise,reddit,openedApp,1749499167.5512,Bored,
1.5,Europe/Dublin,False,breathingExercise,tikTok,dismissedAppOpening,1749499532.726722,,
1.5,Europe/Dublin,False,breathingExercise,tikTok,openedApp,1749499545.543237,Bored,
1.5,Europe/Dublin,False,breathingExercise,tikTok,openedApp,1749499765.806582,Bored,
1.5,Europe/Dublin,False,breathingExercise,tikTok,openedApp,1749499852.42455,Bored,
1.5,Europe/Dublin,False,breathingExercise,tikTok,dismissedAppOpening,1749500328.087829,,
1.5,Europe/Dublin,False,breathingExercise,tikTok,openedApp,1749502014.81352,Bored,
1.5,Europe/Dublin,False,breathingExercise,tikTok,dismissedAppOpening,1749502230.905078,,
1.5,Europe/Dublin,False,breathingExercise,reddit,openedApp,1749502245.8058329,Stay In the Loop,
1.5,Europe/Dublin,False,breathingExercise,instagram,dismissedAppOpening,1749503842.732967,,
1.5,Europe/Dublin,False,breathingExercise,instagram,openedApp,1749503852.7970982,Bored,
1.5,Europe/Dublin,False,breathingExercise,instagram,dismissedAppOpening,1749505580.6266499,,
1.5,Europe/Dublin,False,breathingExercise,instagram,dismissedAppOpening,1749505616.290899,,
1.5,Europe/Dublin,False,breathingExercise,instagram,dismissedAppOpening,1749507442.272161,,
1.5,Europe/Dublin,False,breathingExercise,tikTok,openedApp,1749507575.782041,Post something,
1.5,Europe/Dublin,False,breathingExercise,tikTok,openedApp,1749509011.555747,Bored,
1.5,Europe/Dublin,False,breathingExercise,tikTok,dismissedAppOpening,1749509709.493964,,
1.5,Europe/Dublin,False,breathingExercise,tikTok,dismissedAppOpening,1749509751.018125,,
1.5,Europe/Dublin,False,breathingExercise,tikTok,openedApp,1749509767.7523808,Bored,
1.5,Europe/Dublin,False,breathingExercise,tikTok,openedApp,1749510078.702131,Bored,
1.5,Europe/Dublin,False,breathingExercise,tikTok,openedApp,1749510208.90293,Bored,
1.5,Europe/Dublin,False,breathingExercise,tikTok,openedApp,1749510934.445708,Bored,
1.5,Europe/Dublin,False,breathingExercise,tikTok,dismissedAppOpening,1749511396.050578,,
1.5,Europe/Dublin,False,breathingExercise,tikTok,dismissedAppOpening,1749511558.7287169,,
1.5,Europe/Dublin,False,breathingExercise,tikTok,openedApp,1749511567.25449,Stay In the Loop,
1.5,Europe/Dublin,False,breathingExercise,tikTok,openedApp,1749511616.4731789,Post something,
1.5,Europe/Dublin,False,breathingExercise,tikTok,openedApp,1749512200.472691,Bored,
1.5,Europe/Dublin,False,breathingExercise,tikTok,openedApp,1749512391.465094,Bored,
1.5,Europe/Dublin,False,breathingExercise,tikTok,dismissedAppOpening,1749513853.2920508,,
1.5,Europe/Dublin,False,breathingExercise,reddit,openedApp,1749513862.835548,Bored,
1.5,Europe/Dublin,False,breathingExercise,reddit,dismissedAppOpening,1749513884.364812,,
1.5,Europe/Dublin,False,breathingExercise,tikTok,dismissedAppOpening,1749567676.164367,,
1.5,Europe/Dublin,False,breathingExercise,reddit,openedApp,1749567685.889709,Bored,
1.5,Europe/Dublin,False,breathingExercise,tikTok,dismissedAppOpening,1749569995.616057,,
1.5,Europe/Dublin,False,breathingExercise,tikTok,openedApp,1749570054.244048,Bored,
1.5,Europe/Dublin,False,breathingExercise,tikTok,dismissedAppOpening,1749571152.313272,,
1.5,Europe/Dublin,False,breathingExercise,instagram,openedApp,1749571917.466883,Bored,
1.5,Europe/Dublin,False,breathingExercise,instagram,dismissedAppOpening,1749572031.474613,,
1.5,Europe/Dublin,False,breathingExercise,reddit,openedApp,1749572038.63959,Bored,
1.5,Europe/Dublin,False,breathingExercise,instagram,openedApp,1749572390.0579782,Bored,
1.5,Europe/Dublin,False,breathingExercise,reddit,openedApp,1749572661.071865,Stay In the Loop,
1.5,Europe/Dublin,False,breathingExercise,tikTok,dismissedAppOpening,1749574152.587676,,
1.5,Europe/Dublin,False,breathingExercise,tikTok,openedApp,1749574173.6577082,Bored,
1.5,Europe/Dublin,False,breathingExercise,tikTok,openedApp,1749576356.103273,Bored,
1.5,Europe/Dublin,False,breathingExercise,instagram,openedApp,1749577334.8299742,Bored,
1.5,Europe/Dublin,False,breathingExercise,instagram,dismissedAppOpening,1749577784.698598,,
1.5,Europe/Dublin,False,breathingExercise,tikTok,dismissedAppOpening,1749577961.289915,,
1.5,Europe/Dublin,False,breathingExercise,reddit,dismissedAppOpening,1749579320.022747,,
1.5,Europe/Dublin,False,breathingExercise,reddit,openedApp,1749579365.881843,Bored,
1.5,Europe/Dublin,False,breathingExercise,reddit,dismissedAppOpening,1749579437.191042,,
1.5,Europe/Dublin,False,breathingExercise,instagram,openedApp,1749581750.535289,Bored,1920.0
1.5,Europe/Dublin,False,breathingExercise,reddit,openedApp,1749585937.627777,Bored,
1.5,Europe/Dublin,False,breathingExercise,instagram,dismissedAppOpening,1749586053.754502,,
1.5,Europe/Dublin,False,breathingExercise,instagram,dismissedAppOpening,1749586175.323456,,
1.5,Europe/Dublin,False,breathingExercise,instagram,openedApp,1749586422.733603,Bored,2220.0
1.5,Europe/Dublin,False,breathingExercise,tikTok,dismissedAppOpening,1749590801.2428432,,
1.5,Europe/Dublin,False,breathingExercise,reddit,openedApp,1749591567.152268,Stay In the Loop,
1.5,Europe/Dublin,False,breathingExercise,tikTok,dismissedAppOpening,1749591724.595563,,
1.5,Europe/Dublin,False,breathingExercise,instagram,openedApp,1749591736.842536,Bored,
1.5,Europe/Dublin,False,breathingExercise,tikTok,dismissedAppOpening,1749591857.247894,,
1.5,Europe/Dublin,False,breathingExercise,tikTok,dismissedAppOpening,1749591878.617269,,
1.5,Europe/Dublin,False,breathingExercise,reddit,openedApp,1749591932.787452,Bored,
1.5,Europe/Dublin,False,breathingExercise,instagram,openedApp,1749591991.801223,Bored,960.0
1.5,Europe/Dublin,False,breathingExercise,instagram,openedApp,1749592959.483899,Bored,2460.0
1.5,Europe/Dublin,False,breathingExercise,tikTok,dismissedAppOpening,1749593802.89215,,
1.5,Europe/Dublin,False,breathingExercise,instagram,dismissedAppOpening,1749593807.139051,,
1.5,Europe/Dublin,False,breathingExercise,instagram,dismissedAppOpening,1749593873.937917,,
1.5,Europe/Dublin,False,breathingExercise,instagram,dismissedAppOpening,1749594079.0342588,,
1.5,Europe/Dublin,False,breathingExercise,tikTok,openedApp,1749594087.454756,Bored,
1.5,Europe/Dublin,False,breathingExercise,instagram,openedApp,1749595541.299667,Bored,
1.5,Europe/Dublin,False,breathingExercise,instagram,openedApp,1749595816.311024,Escape / Avoid,
1.5,Europe/Dublin,False,breathingExercise,tikTok,openedApp,1749595858.579382,Bored,
1.5,Europe/Dublin,False,breathingExercise,tikTok,openedApp,1749596474.2250462,Escape / Avoid,
1.5,Europe/Dublin,False,breathingExercise,tikTok,dismissedAppOpening,1749597120.724128,,
1.5,Europe/Dublin,False,breathingExercise,instagram,openedApp,1749597130.0057468,Bored,
1.5,Europe/Dublin,False,breathingExercise,instagram,dismissedAppOpening,1749597197.589305,,
1.5,Europe/Dublin,False,breathingExercise,tikTok,openedApp,1749597206.1465979,Bored,
1.5,Europe/Dublin,False,breathingExercise,instagram,openedApp,1749597662.326802,Bored,1920.0
1.5,Europe/Dublin,False,breathingExercise,instagram,dismissedAppOpening,1749597685.738617,,
1.5,Europe/Dublin,False,breathingExercise,instagram,openedApp,1749598081.212508,Bored,
1.5,Europe/Dublin,False,breathingExercise,instagram,openedApp,1749598256.937273,Bored,1500.0
1.5,Europe/Dublin,False,breathingExercise,instagram,openedApp,1749598306.873549,Bored,1800.0
1.5,Europe/Dublin,False,breathingExercise,instagram,openedApp,1749599553.161265,Bored,660.0
1.5,Europe/Dublin,False,breathingExercise,instagram,dismissedAppOpening,1749599595.577815,,
1.5,Europe/Dublin,False,breathingExercise,instagram,dismissedAppOpening,1749599688.696419,,
1.5,Europe/Dublin,False,breathingExercise,instagram,dismissedAppOpening,1749599697.160337,,
1.5,Europe/Dublin,False,breathingExercise,instagram,dismissedAppOpening,1749599715.682549,,
1.5,Europe/Dublin,False,breathingExercise,instagram,openedApp,1749599766.3628201,Bored,1200.0
1.5,Europe/Dublin,False,breathingExercise,tikTok,openedApp,1749599857.0177732,Bored,
1.5,Europe/Dublin,False,breathingExercise,tikTok,dismissedAppOpening,1749600296.948919,,
1.5,Europe/Dublin,False,breathingExercise,tikTok,openedApp,1749600307.133018,Bored,
1.5,Europe/Dublin,False,breathingExercise,tikTok,openedApp,1749685437.7767658,Bored,
1.5,Europe/Dublin,False,breathingExercise,reddit,openedApp,1749685467.141042,Bored,
1.5,Europe/Dublin,False,breathingExercise,tikTok,openedApp,1749685575.117257,Bored,
1.5,Europe/Dublin,False,breathingExercise,tikTok,openedApp,1749685624.2879372,Post something,
1.5,Europe/Dublin,False,breathingExercise,tikTok,openedApp,1749685785.21931,Bored,
1.5,Europe/Dublin,False,breathingExercise,tikTok,openedApp,1749685966.297245,Escape / Avoid,
1.5,Europe/Dublin,False,breathingExercise,tikTok,openedApp,1749686007.134091,Bored,
1.5,Europe/Dublin,False,breathingExercise,tikTok,dismissedAppOpening,1749686595.1505919,,
1.5,Europe/Dublin,False,breathingExercise,tikTok,openedApp,1749686602.64712,Entertainment,
1.5,Europe/Dublin,False,breathingExercise,tikTok,dismissedAppOpening,1749686689.195745,,
1.5,Europe/Dublin,False,breathingExercise,tikTok,openedApp,1749686695.8916202,Bored,
1.5,Europe/Dublin,False,breathingExercise,tikTok,dismissedAppOpening,1749718022.0981941,,
1.5,Europe/Dublin,False,breathingExercise,tikTok,openedApp,1749718029.0762072,Post something,
1.5,Europe/Dublin,False,breathingExercise,tikTok,openedApp,1749718120.618003,Bored,
1.5,Europe/Dublin,False,breathingExercise,reddit,openedApp,1749719260.631823,Bored,
1.5,Europe/Dublin,False,breathingExercise,tikTok,openedApp,1749719704.894455,Bored,
1.5,Europe/Dublin,False,breathingExercise,tikTok,openedApp,1749719766.4986548,Bored,
1.5,Europe/Dublin,False,breathingExercise,instagram,openedApp,1749719867.187823,Bored,
1.5,Europe/Dublin,False,breathingExercise,instagram,openedApp,1749719884.972972,Escape / Avoid,
1.5,Europe/Dublin,False,breathingExercise,instagram,dismissedAppOpening,1749719913.6969461,,
1.5,Europe/Dublin,False,breathingExercise,instagram,openedApp,1749719922.007392,Bored,
1.5,Europe/Dublin,False,breathingExercise,reddit,openedApp,1749720001.524528,Bored,
1.5,Europe/Dublin,False,breathingExercise,tikTok,openedApp,1749720099.7645469,Bored,
1.5,Europe/Dublin,False,breathingExercise,instagram,dismissedAppOpening,1749722613.513801,,
1.5,Europe/Dublin,False,breathingExercise,tikTok,openedApp,1749723180.547151,Escape / Avoid,
1.5,Europe/Dublin,False,breathingExercise,tikTok,openedApp,1749723224.231473,Bored,
1.5,Europe/Dublin,False,breathingExercise,tikTok,openedApp,1749723419.145139,Bored,
1.5,Europe/Dublin,False,breathingExercise,tikTok,openedApp,1749725138.948289,Post something,
1.5,Europe/Dublin,False,breathingExercise,tikTok,dismissedAppOpening,1749726562.8476539,,
1.5,Europe/Dublin,False,breathingExercise,reddit,openedApp,1749726571.6190019,Bored,
1.5,Europe/Dublin,False,breathingExercise,instagram,dismissedAppOpening,1749726613.4492621,,
1.5,Europe/Dublin,False,breathingExercise,tikTok,openedApp,1749726955.544029,Escape / Avoid,
1.5,Europe/Dublin,False,breathingExercise,tikTok,openedApp,1749727632.1647549,Post something,
1.5,Europe/Dublin,False,breathingExercise,tikTok,dismissedAppOpening,1749728674.683948,,
1.5,Europe/Dublin,False,breathingExercise,tikTok,openedApp,1749728684.979322,Bored,
1.5,Europe/Dublin,False,breathingExercise,tikTok,dismissedAppOpening,1749729901.6833858,,
1.5,Europe/Dublin,False,breathingExercise,instagram,openedApp,1749729912.145623,Post something,
1.5,Europe/Dublin,False,breathingExercise,reddit,openedApp,1749730017.24935,Bored,
1.5,Europe/Dublin,False,breathingExercise,tikTok,openedApp,1749730089.877069,Post something,
1.5,Europe/Dublin,False,breathingExercise,instagram,openedApp,1749730266.8597121,Bored,
1.5,Europe/Dublin,False,breathingExercise,instagram,openedApp,1749730901.4450169,Escape / Avoid,1380.0
1.5,Europe/Dublin,False,breathingExercise,tikTok,openedApp,1749731378.421729,Escape / Avoid,
1.5,Europe/Dublin,False,breathingExercise,tikTok,dismissedAppOpening,1749735921.792208,,
1.5,Europe/Dublin,False,breathingExercise,reddit,openedApp,1749736973.202829,Bored,
1.5,Europe/Dublin,False,breathingExercise,reddit,openedApp,1749739553.691379,Bored,
1.5,Europe/Dublin,False,breathingExercise,tikTok,openedApp,1749740958.825564,Bored,
1.5,Europe/Dublin,False,breathingExercise,instagram,openedApp,1749742026.5729089,Bored,2100.0
1.5,Europe/Dublin,False,breathingExercise,reddit,openedApp,1749742113.0265121,Bored,
1.5,Europe/Dublin,False,breathingExercise,instagram,dismissedAppOpening,1749742235.825743,,
1.5,Europe/Dublin,False,breathingExercise,tikTok,openedApp,1749742252.036948,Bored,
1.5,Europe/Dublin,False,breathingExercise,tikTok,dismissedAppOpening,1749742985.6675072,,
1.5,Europe/Dublin,False,breathingExercise,tikTok,openedApp,1749742993.394321,Bored,
1.5,Europe/Dublin,False,breathingExercise,tikTok,openedApp,1749743593.541521,Bored,
1.5,Europe/Dublin,False,breathingExercise,tikTok,dismissedAppOpening,1749743723.6768441,,
1.5,Europe/Dublin,False,breathingExercise,reddit,dismissedAppOpening,1749743730.522768,,
1.5,Europe/Dublin,False,breathingExercise,reddit,openedApp,1749743739.191057,Entertainment,
1.5,Europe/Dublin,False,breathingExercise,instagram,openedApp,1749744297.818671,Bored,
1.5,Europe/Dublin,False,breathingExercise,instagram,openedApp,1749744441.734023,Escape / Avoid,780.0
1.5,Europe/Dublin,False,breathingExercise,instagram,openedApp,1749744500.504391,Escape / Avoid,
1.5,Europe/Dublin,False,breathingExercise,instagram,dismissedAppOpening,1749744662.535829,,
1.5,Europe/Dublin,False,breathingExercise,instagram,openedApp,1749744670.647653,Escape / Avoid,1920.0
1.5,Europe/Dublin,False,breathingExercise,instagram,dismissedAppOpening,1749744779.809177,,
1.5,Europe/Dublin,False,breathingExercise,tikTok,dismissedAppOpening,1749744785.8631911,,
1.5,Europe/Dublin,False,breathingExercise,reddit,openedApp,1749744793.688692,Escape / Avoid,
1.5,Europe/Dublin,False,breathingExercise,reddit,dismissedAppOpening,1749744830.7275882,,
1.5,Europe/Dublin,False,breathingExercise,reddit,openedApp,1749744841.0401192,Entertainment,
1.5,Europe/Dublin,False,breathingExercise,reddit,openedApp,1749744937.582111,Entertainment,
1.5,Europe/Dublin,False,breathingExercise,tikTok,openedApp,1749744989.695372,Escape / Avoid,
1.5,Europe/Dublin,False,breathingExercise,tikTok,dismissedAppOpening,1749745278.557895,,
1.5,Europe/Dublin,False,breathingExercise,tikTok,openedApp,1749745286.59265,Bored,
1.5,Europe/Dublin,False,breathingExercise,tikTok,dismissedAppOpening,1749745698.451878,,
